1   24	-39.5	6	1	2077	01	31	0
1   24	-42.5	6	1	2077	01	31	0
1   24	-44.5	6	1	2077	01	31	0
1   24	-46.5	6	1	2077	01	31	0
1   24	-48.5	6	1	2077	01	31	0
1   24	-50.5	6	1	2077	01	31	0
1   24	-52.5	6	1	2077	01	31	0
1   24	-54.5	6	1	2077	01	31	0
1   24	-56.5	6	1	2077	01	31	0
1   24	-58.5	6	1	2077	01	31	0
1   24	-60.5	6	1	2077	01	31	0
1   24	-62.5	6	1	2077	01	31	0
1   24	-64.5	6	1	2077	01	31	0
1   24	-66.5	6	1	2077	01	31	0
1   24	-68.5	6	1	2077	01	31	0
1   24	-70.5	6	1	2077	01	31	0
1   284	 30.5	6	1	2077	01	31	0
1   296	 36.5	6	1	2077	01	31	0
1   323	 46.5	6	1	2077	01	31	0
