1   336	-28.5	6	1	2077	01	31	0
1   336	-28.5	6	1	2077	02	31	0
1   336	-28.5	6	1	2077	03	31	0
1   336	-28.5	6	1	2077	04	31	0
1   336	-28.5	6	1	2077	05	31	0
1   336	-28.5	6	1	2077	06	31	0
1   336	-28.5	6	1	2077	07	31	0
1   336	-28.5	6	1	2077	08	31	0
1   336	-28.5	6	1	2077	09	31	0
1   336	-28.5	6	1	2077	10	31	0
1   336	-28.5	6	1	2077	11	31	0
1   336	-28.5	6	1	2077	12	31	0
1   336	-28.5	100	1	2077	01	31	0
1   336	-28.5	100	1	2077	02	31	0
1   336	-28.5	100	1	2077	03	31	0
1   336	-28.5	100	1	2077	04	31	0
1   336	-28.5	100	1	2077	05	31	0
1   336	-28.5	100	1	2077	06	31	0
1   336	-28.5	100	1	2077	07	31	0
1   336	-28.5	100	1	2077	08	31	0
1   336	-28.5	100	1	2077	09	31	0
1   336	-28.5	100	1	2077	10	31	0
1   336	-28.5	100	1	2077	11	31	0
1   336	-28.5	100	1	2077	12	31	0
1   336	-28.5	220	1	2077	01	31	0
1   336	-28.5	220	1	2077	02	31	0
1   336	-28.5	220	1	2077	03	31	0
1   336	-28.5	220	1	2077	04	31	0
1   336	-28.5	220	1	2077	05	31	0
1   336	-28.5	220	1	2077	06	31	0
1   336	-28.5	220	1	2077	07	31	0
1   336	-28.5	220	1	2077	08	31	0
1   336	-28.5	220	1	2077	09	31	0
1   336	-28.5	220	1	2077	10	31	0
1   336	-28.5	220	1	2077	11	31	0
1   336	-28.5	220	1	2077	12	31	0
1   336	-28.5	330	1	2077	01	31	0
1   336	-28.5	330	1	2077	02	31	0
1   336	-28.5	330	1	2077	03	31	0
1   336	-28.5	330	1	2077	04	31	0
1   336	-28.5	330	1	2077	05	31	0
1   336	-28.5	330	1	2077	06	31	0
1   336	-28.5	330	1	2077	07	31	0
1   336	-28.5	330	1	2077	08	31	0
1   336	-28.5	330	1	2077	09	31	0
1   336	-28.5	330	1	2077	10	31	0
1   336	-28.5	330	1	2077	11	31	0
1   336	-28.5	330	1	2077	12	31	0
1   336	-28.5	420	1	2077	01	31	0
1   336	-28.5	420	1	2077	02	31	0
1   336	-28.5	420	1	2077	03	31	0
1   336	-28.5	420	1	2077	04	31	0
1   336	-28.5	420	1	2077	05	31	0
1   336	-28.5	420	1	2077	06	31	0
1   336	-28.5	420	1	2077	07	31	0
1   336	-28.5	420	1	2077	08	31	0
1   336	-28.5	420	1	2077	09	31	0
1   336	-28.5	420	1	2077	10	31	0
1   336	-28.5	420	1	2077	11	31	0
1   336	-28.5	420	1	2077	12	31	0
