1   23	-36.5	6	1	3337	01	31	0
1   23	-36.5	6	1	3337	02	31	0
1   23	-36.5	6	1	3337	03	31	0
1   23	-36.5	6	1	3337	04	31	0
1   23	-36.5	6	1	3337	05	31	0
1   23	-36.5	6	1	3337	06	31	0
1   23	-36.5	6	1	3337	07	31	0
1   23	-36.5	6	1	3337	08	31	0
1   23	-36.5	6	1	3337	09	31	0
1   23	-36.5	6	1	3337	10	31	0
1   23	-36.5	6	1	3337	11	31	0
1   23	-36.5	6	1	3337	12	31	0
1   23	-36.5	100	1	3337	01	31	0
1   23	-36.5	100	1	3337	02	31	0
1   23	-36.5   100	1	3337	03	31	0
1   23	-36.5   100	1	3337	04	31	0
1   23	-36.5	100	1	3337	05	31	0
1   23	-36.5	100	1	3337	06	31	0
1   23	-36.5	100	1	3337	07	31	0
1   23	-36.5	100	1	3337	08	31	0
1   23	-36.5	100	1	3337	09	31	0
1   23	-36.5	100	1	3337	10	31	0
1   23	-36.5	100	1	3337	11	31	0
1   23	-36.5	100	1	3337	12	31	0
1   23	-36.5	220	1	3337	01	31	0
1   23	-36.5	220	1	3337	02	31	0
1   23	-36.5   220	1	3337	03	31	0
1   23	-36.5   220	1	3337	04	31	0
1   23	-36.5   220	1	3337	05	31	0
1   23	-36.5	220	1	3337	06	31	0
1   23	-36.5	220	1	3337	07	31	0
1   23	-36.5	220	1	3337	08	31	0
1   23	-36.5	220	1	3337	09	31	0
1   23	-36.5	220	1	3337	10	31	0
1   23	-36.5	220	1	3337	11	31	0
1   23	-36.5	310	1	3337	12	31	0
1   23	-36.5	310	1	3337	01	31	0
1   23	-36.5	310	1	3337	02	31	0
1   23	-36.5   310	1	3337	03	31	0
1   23	-36.5   310	1	3337	04	31	0
1   23	-36.5	310	1	3337	05	31	0
1   23	-36.5	310	1	3337	06	31	0
1   23	-36.5	310	1	3337	07	31	0
1   23	-36.5	310	1	3337	08	31	0
1   23	-36.5	310	1	3337	09	31	0
1   23	-36.5	310	1	3337	10	31	0
1   23	-36.5	310	1	3337	11	31	0
1   23	-36.5	310	1	3337	12	31	0
1   23	-36.5	420	1	3337	01	31	0
1   23	-36.5	420	1	3337	02	31	0
1   23	-36.5   420	1	3337	03	31	0
1   23	-36.5   420	1	3337	04	31	0
1   23	-36.5	420	1	3337	05	31	0
1   23	-36.5	420 1	3337	06	31	0
1   23	-36.5	420	1	3337	07	31	0
1   23	-36.5	420	1	3337	08	31	0
1   23	-36.5	420	1	3337	09	31	0
1   23	-36.5	420	1	3337	10	31	0
1   23	-36.5	420	1	3337	11	31	0
1   23	-36.5	420	1	3337	12	31	0
1   23	-36.5	560	1	3337	01	31	0
1   23	-36.5	560	1	3337	02	31	0
1   23	-36.5   560	1	3337	03	31	0
1   23	-36.5   560	1	3337	04	31	0
1   23	-36.5	560	1	3337	05	31	0
1   23	-36.5	560	1	3337	06	31	0
1   23	-36.5	560	1	3337	07	31	0
1   23	-36.5	560	1	3337	08	31	0
1   23	-36.5	560	1	3337	09	31	0
1   23	-36.5	560	1	3337	10	31	0
1   23	-36.5	560	1	3337	11	31	0
1   23	-36.5	560	1	3337	12	31	0
