1   23	-36.5	6	1	2077	01	31	0
1   23	-36.5	6	1	2077	02	31	0
1   23	-36.5	6	1	2077	03	31	0
1   23	-36.5	6	1	2077	04	31	0
1   23	-36.5	6	1	2077	05	31	0
1   23	-36.5	6	1	2077	06	31	0
1   23	-36.5	6	1	2077	07	31	0
1   23	-36.5	6	1	2077	08	31	0
1   23	-36.5	6	1	2077	09	31	0
1   23	-36.5	6	1	2077	10	31	0
1   23	-36.5	6	1	2077	11	31	0
1   23	-36.5	6	1	2077	12	31	0
1   23	-36.5	100	1	2077	01	31	0
1   23	-36.5	100	1	2077	02	31	0
1   23	-36.5   100	1	2077	03	31	0
1   23	-36.5   100	1	2077	04	31	0
1   23	-36.5	100	1	2077	05	31	0
1   23	-36.5	100	1	2077	06	31	0
1   23	-36.5	100	1	2077	07	31	0
1   23	-36.5	100	1	2077	08	31	0
1   23	-36.5	100	1	2077	09	31	0
1   23	-36.5	100	1	2077	10	31	0
1   23	-36.5	100	1	2077	11	31	0
1   23	-36.5	100	1	2077	12	31	0
1   23	-36.5	220	1	2077	01	31	0
1   23	-36.5	220	1	2077	02	31	0
1   23	-36.5   220	1	2077	03	31	0
1   23	-36.5   220	1	2077	04	31	0
1   23	-36.5   220	1	2077	05	31	0
1   23	-36.5	220	1	2077	06	31	0
1   23	-36.5	220	1	2077	07	31	0
1   23	-36.5	220	1	2077	08	31	0
1   23	-36.5	220	1	2077	09	31	0
1   23	-36.5	220	1	2077	10	31	0
1   23	-36.5	220	1	2077	11	31	0
1   23	-36.5	310	1	2077	12	31	0
1   23	-36.5	310	1	2077	01	31	0
1   23	-36.5	310	1	2077	02	31	0
1   23	-36.5   310	1	2077	03	31	0
1   23	-36.5   310	1	2077	04	31	0
1   23	-36.5	310	1	2077	05	31	0
1   23	-36.5	310	1	2077	06	31	0
1   23	-36.5	310	1	2077	07	31	0
1   23	-36.5	310	1	2077	08	31	0
1   23	-36.5	310	1	2077	09	31	0
1   23	-36.5	310	1	2077	10	31	0
1   23	-36.5	310	1	2077	11	31	0
1   23	-36.5	310	1	2077	12	31	0
1   23	-36.5	420	1	2077	01	31	0
1   23	-36.5	420	1	2077	02	31	0
1   23	-36.5   420	1	2077	03	31	0
1   23	-36.5   420	1	2077	04	31	0
1   23	-36.5	420	1	2077	05	31	0
1   23	-36.5	420 1	2077	06	31	0
1   23	-36.5	420	1	2077	07	31	0
1   23	-36.5	420	1	2077	08	31	0
1   23	-36.5	420	1	2077	09	31	0
1   23	-36.5	420	1	2077	10	31	0
1   23	-36.5	420	1	2077	11	31	0
1   23	-36.5	420	1	2077	12	31	0
1   23	-36.5	560	1	2077	01	31	0
1   23	-36.5	560	1	2077	02	31	0
1   23	-36.5   560	1	2077	03	31	0
1   23	-36.5   560	1	2077	04	31	0
1   23	-36.5	560	1	2077	05	31	0
1   23	-36.5	560	1	2077	06	31	0
1   23	-36.5	560	1	2077	07	31	0
1   23	-36.5	560	1	2077	08	31	0
1   23	-36.5	560	1	2077	09	31	0
1   23	-36.5	560	1	2077	10	31	0
1   23	-36.5	560	1	2077	11	31	0
1   23	-36.5	560	1	2077	12	31	0
1   317	2.5	6	1	2077	01	31	0
1   317	2.5	6	1	2077	02	31	0
1   317	2.5	6	1	2077	03	31	0
1   317	2.5	6	1	2077	04	31	0
1   317	2.5	6	1	2077	05	31	0
1   317	2.5	6	1	2077	06	31	0
1   317	2.5	6	1	2077	07	31	0
1   317	2.5	6	1	2077	08	31	0
1   317	2.5	6	1	2077	09	31	0
1   317	2.5	6	1	2077	10	31	0
1   317	2.5	6	1	2077	11	31	0
1   317	2.5	6	1	2077	12	31	0
1   317	2.5	100	1	2077	01	31	0
1   317	2.5	100	1	2077	02	31	0
1   317	2.5	100	1	2077	03	31	0
1   317	2.5	100	1	2077	04	31	0
1   317	2.5	100	1	2077	05	31	0
1   317	2.5	100	1	2077	06	31	0
1   317	2.5	100	1	2077	07	31	0
1   317	2.5	100	1	2077	08	31	0
1   317	2.5	100	1	2077	09	31	0
1   317	2.5	100	1	2077	10	31	0
1   317	2.5	100 1	2077	11	31	0
1   317	2.5	100	1	2077	12	31	0
1   317	2.5	220 1	2077	01	31	0
1   317	2.5	220	1	2077	02	31	0
1   317	2.5	220	1	2077	03	31	0
1   317	2.5	220	1	2077	04	31	0
1   317	2.5	220	1	2077	05	31	0
1   317	2.5	220	1	2077	06	31	0
1   317	2.5	220	1	2077	07	31	0
1   317	2.5	220	1	2077	08	31	0
1   317	2.5	220	1	2077	09	31	0
1   317	2.5	220	1	2077	10	31	0
1   317	2.5	220	1	2077	11	31	0
1   317	2.5	220	1	2077	12	31	0
1   317	2.5	310	1	2077	01	31	0
1   317	2.5	310 1	2077	02	31	0
1   317	2.5	310	1	2077	03	31	0
1   317	2.5	310	1	2077	04	31	0
1   317	2.5	310 1	2077	05	31	0
1   317	2.5	310	1	2077	06	31	0
1   317	2.5	310	1	2077	07	31	0
1   317	2.5	310	1	2077	08	31	0
1   317	2.5	310	1	2077	09	31	0
1   317	2.5	310	1	2077	10	31	0
1   317	2.5	310	1	2077	11	31	0
1   317	2.5	310	1	2077	12	31	0
1   317	2.5	420	1	2077	01	31	0
1   317	2.5	420	1	2077	02	31	0
1   317	2.5	420	1	2077	03	31	0
1   317	2.5	420	1	2077	04	31	0
1   317	2.5	420	1	2077	05	31	0
1   317	2.5	420	1   2077	06	31	0
1   317	2.5	420	1	2077	07	31	0
1   317	2.5	420	1	2077	08	31	0
1   317	2.5	420	1	2077	09	31	0
1   317	2.5	420	1	2077	10	31	0
1   317	2.5	420	1	2077	11	31	0
1   317	2.5	420 1	2077	12	31	0
1   317	2.5	560	1	2077    01	31	0
1   317	2.5	560	1	2077	02	31	0
1   317	2.5	560	1	2077	03	31	0
1   317	2.5	560	1	2077	04	31	0
1   317	2.5	560	1	2077	05	31	0
1   317	2.5	560	1	2077	06	31	0
1   317	2.5	560	1	2077	07	31	0
1   317	2.5	560	1	2077	08	31	0
1   317	2.5	560	1	2077	09	31	0
1   317	2.5	560	1	2077	10	31	0
1   317	2.5	560	1	2077	11	31	0
1   317	2.5	560	1	2077	12	31	0
