1   312	59.5	100	1	3336	05	31	0
1   313	59.5	100	1	3336	05	31	0
1   314	59.5	100	1	3336	05	31	0
1   315	59.5	100	1	3336	05	31	0
1   312	59.5	100	1	3336	06	31	0
1   313	59.5	100	1	3336	06	31	0
1   314	59.5	100	1	3336	06	31	0
1   315	59.5	100	1	3336	06	31	0
1   312	59.5	100	1	3336	07	31	0
1   313	59.5	100	1	3336	07	31	0
1   313	58.5	100	1	3336	05	31	0
1   314	58.5	100	1	3336	05	31	0
1   315	58.5	100	1	3336	05	31	0
1   312	58.5	100	1	3336	06	31	0
1   313	58.5	100	1	3336	06	31	0
1   314	58.5	100	1	3336	06	31	0
1   315	58.5	100	1	3336	06	31	0
1   312	58.5	100	1	3336	07	31	0
1   313	58.5	100	1	3336	07	31	0
1   314	58.5	100	1	3336	07	31	0
1   315	58.5	100	1	3336	07	31	0
1   315	58.5	100	1	3336	07	31	0
1   312	57.5	100	1	3336	05	31	0
1   313	57.5	100	1	3336	05	31	0
1   314	57.5	100	1	3336	05	31	0
1   315	57.5	100	1	3336	05	31	0
1   312	57.5	100	1	3336	06	31	0
1   313	57.5	100	1	3336	06	31	0
1   314	57.5	100	1	3336	06	31	0
1   315	57.5	100	1	3336	06	31	0
1   312	57.5	100	1	3336	07	31	0
1   313	57.5	100	1	3336	07	31	0
1   314	57.5	100	1	3336	07	31	0
1   315	57.5	100	1	3336	07	31	0
1   312	54.5	100	1	3336	05	31	0
1   313	54.5	100	1	3336	05	31	0
1   314	54.5	100	1	3336	05	31	0
1   315	54.5	100	1	3336	05	31	0
1   312	54.5	100	1	3336	06	31	0
1   313	54.5	100	1	3336	06	31	0
1   314	54.5	100	1	3336	06	31	0
1   315	54.5	100	1	3336	06	31	0
1   312	54.5	100	1	3336	07	31	0
1   313	54.5	100	1	3336	07	31	0
1   314	54.5	100	1	3336	07	31	0
1   315	54.5	100	1	3336	07	31	0
