1   317	2.5	6	1	3367	01	31	0
1   317	2.5	6	1	3367	02	31	0
1   317	2.5	6	1	3367	03	31	0
1   317	2.5	6	1	3367	04	31	0
1   317	2.5	6	1	3367	05	31	0
1   317	2.5	6	1	3367	06	31	0
1   317	2.5	6	1	3367	07	31	0
1   317	2.5	6	1	3367	08	31	0
1   317	2.5	6	1	3367	09	31	0
1   317	2.5	6	1	3367	10	31	0
1   317	2.5	6	1	3367	11	31	0
1   317	2.5	6	1	3367	12	31	0
1   317	2.5	100	1	3367	01	31	0
1   317	2.5	100	1	3367	02	31	0
1   317	2.5	100	1	3367	03	31	0
1   317	2.5	100	1	3367	04	31	0
1   317	2.5	100	1	3367	05	31	0
1   317	2.5	100	1	3367	06	31	0
1   317	2.5	100	1	3367	07	31	0
1   317	2.5	100	1	3367	08	31	0
1   317	2.5	100	1	3367	09	31	0
1   317	2.5	100	1	3367	10	31	0
1   317	2.5	100 1	3367	11	31	0
1   317	2.5	100	1	3367	12	31	0
1   317	2.5	220 1	3367	01	31	0
1   317	2.5	220	1	3367	02	31	0
1   317	2.5	220	1	3367	03	31	0
1   317	2.5	220	1	3367	04	31	0
1   317	2.5	220	1	3367	05	31	0
1   317	2.5	220	1	3367	06	31	0
1   317	2.5	220	1	3367	07	31	0
1   317	2.5	220	1	3367	08	31	0
1   317	2.5	220	1	3367	09	31	0
1   317	2.5	220	1	3367	10	31	0
1   317	2.5	220	1	3367	11	31	0
1   317	2.5	220	1	3367	12	31	0
1   317	2.5	310	1	3367	01	31	0
1   317	2.5	310 1	3367	02	31	0
1   317	2.5	310	1	3367	03	31	0
1   317	2.5	310	1	3367	04	31	0
1   317	2.5	310 1	3367	05	31	0
1   317	2.5	310	1	3367	06	31	0
1   317	2.5	310	1	3367	07	31	0
1   317	2.5	310	1	3367	08	31	0
1   317	2.5	310	1	3367	09	31	0
1   317	2.5	310	1	3367	10	31	0
1   317	2.5	310	1	3367	11	31	0
1   317	2.5	310	1	3367	12	31	0
1   317	2.5	420	1	3367	01	31	0
1   317	2.5	420	1	3367	02	31	0
1   317	2.5	420	1	3367	03	31	0
1   317	2.5	420	1	3367	04	31	0
1   317	2.5	420	1	3367	05	31	0
1   317	2.5	420	1   3367	06	31	0
1   317	2.5	420	1	3367	07	31	0
1   317	2.5	420	1	3367	08	31	0
1   317	2.5	420	1	3367	09	31	0
1   317	2.5	420	1	3367	10	31	0
1   317	2.5	420	1	3367	11	31	0
1   317	2.5	420 1	3367	12	31	0
1   317	2.5	560	1	3367    01	31	0
1   317	2.5	560	1	3367	02	31	0
1   317	2.5	560	1	3367	03	31	0
1   317	2.5	560	1	3367	04	31	0
1   317	2.5	560	1	3367	05	31	0
1   317	2.5	560	1	3367	06	31	0
1   317	2.5	560	1	3367	07	31	0
1   317	2.5	560	1	3367	08	31	0
1   317	2.5	560	1	3367	09	31	0
1   317	2.5	560	1	3367	10	31	0
1   317	2.5	560	1	3367	11	31	0
1   317	2.5	560	1	3367	12	31	0
