1   301	71.5	6	1	3336	05	31	0
1   305	62.5	6	1	3336	05	31	0
1   312	57.5	6	1	3336	05	31	0
1   316	55.5	6	1	3336	05	31	0
1   327	62.5	6	1	3336	05	31	0
1   333	64.5	6	1	3336	05	31	0
1   316	53.5	6	1	3336	05	31	0
1   301	71.5	6	1	3336	06	31	0
1   305	62.5	6	1	3336	06	31	0
1   312	57.5	6	1	3336	06	31	0
1   316	55.5	6	1	3336	06	31	0
1   327	62.5	6	1	3336	06	31	0
1   333	64.5	6	1	3336	06	31	0
1   316	53.5	6	1	3336	06	31	0
1   301	71.5	6	1	3336	07	31	0
1   305	62.5	6	1	3336	07	31	0
1   312	57.5	6	1	3336	07	31	0
1   316	55.5	6	1	3336	07	31	0
1   327	62.5	6	1	3336	07	31	0
1   333	64.5	6	1	3336	07	31	0
1   316	53.5	6	1	3336	07	31	0
