1   317	2.5	6	1	2077	01	31	0
1   317	2.5	6	1	2077	02	31	0
1   317	2.5	6	1	2077	03	31	0
1   317	2.5	6	1	2077	04	31	0
1   317	2.5	6	1	2077	05	31	0
1   317	2.5	6	1	2077	06	31	0
1   317	2.5	6	1	2077	07	31	0
1   317	2.5	6	1	2077	08	31	0
1   317	2.5	6	1	2077	09	31	0
1   317	2.5	6	1	2077	10	31	0
1   317	2.5	6	1	2077	11	31	0
1   317	2.5	6	1	2077	12	31	0
1   317	2.5	6	1	2078	01	31	0
1   317	2.5	6	1	2078	02	31	0
1   317	2.5	6	1	2078	03	31	0
1   317	2.5	6	1	2078	04	31	0
1   317	2.5	6	1	2078	05	31	0
1   317	2.5	6	1	2078	06	31	0
1   317	2.5	6	1	2078	07	31	0
1   317	2.5	6	1	2078	08	31	0
1   317	2.5	6	1	2078	09	31	0
1   317	2.5	6	1	2078	10	31	0
1   317	2.5	6	1	2078	11	31	0
1   317	2.5	6	1	2078	12	31	0
1   317	2.5	6	1	2079	01	31	0
1   317	2.5	6	1	2079	02	31	0
1   317	2.5	6	1	2079	03	31	0
1   317	2.5	6	1	2079	04	31	0
1   317	2.5	6	1	2079	05	31	0
1   317	2.5	6	1	2079	06	31	0
1   317	2.5	6	1	2079	07	31	0
1   317	2.5	6	1	2079	08	31	0
1   317	2.5	6	1	2079	09	31	0
1   317	2.5	6	1	2079	10	31	0
1   317	2.5	6	1	2079	11	31	0
1   317	2.5	6	1	2079	12	31	0
1   317	2.5	6	1	2080	01	31	0
1   317	2.5	6	1	2080	02	31	0
1   317	2.5	6	1	2080	03	31	0
1   317	2.5	6	1	2080	04	31	0
1   317	2.5	6	1	2080	05	31	0
1   317	2.5	6	1	2080	06	31	0
1   317	2.5	6	1	2080	07	31	0
1   317	2.5	6	1	2080	08	31	0
1   317	2.5	6	1	2080	09	31	0
1   317	2.5	6	1	2080	10	31	0
1   317	2.5	6	1	2080	11	31	0
1   317	2.5	6	1	2080	12	31	0
1   317	2.5	6	1	2081	01	31	0
1   317	2.5	6	1	2081	02	31	0
1   317	2.5	6	1	2081	03	31	0
1   317	2.5	6	1	2081	04	31	0
1   317	2.5	6	1	2081	05	31	0
1   317	2.5	6	1	2081	06	31	0
1   317	2.5	6	1	2081	07	31	0
1   317	2.5	6	1	2081	08	31	0
1   317	2.5	6	1	2081	09	31	0
1   317	2.5	6	1	2081	10	31	0
1   317	2.5	6	1	2081	11	31	0
1   317	2.5	6	1	2081	12	31	0
1   317	2.5	6	1	2082	01	31	0
1   317	2.5	6	1	2082	02	31	0
1   317	2.5	6	1	2082	03	31	0
1   317	2.5	6	1	2082	04	31	0
1   317	2.5	6	1	2082	05	31	0
1   317	2.5	6	1	2082	06	31	0
1   317	2.5	6	1	2082	07	31	0
1   317	2.5	6	1	2082	08	31	0
1   317	2.5	6	1	2082	09	31	0
1   317	2.5	6	1	2082	10	31	0
1   317	2.5	6	1	2082	11	31	0
1   317	2.5	6	1	2082	12	31	0
